190 100 25 5e2083bd67eeb33f8955e0c8
170 75 30 5e10c1aa67eeb33f8955df3e
180 85 40 5e202c3e67eeb33f8955e09e
190 100 25 5e2083bd67eeb33f8955e0c8
167 63 21 5e1f22d867eeb33f8955e075
163 59 34 5dfd030820593d3c5d743dbf
180 85 40 5e202c3e67eeb33f8955e09e
190 100 25 5e2083bd67eeb33f8955e0c8
180 85 40 5e202c3e67eeb33f8955e09e
167 63 21 5e1f22d867eeb33f8955e075
180 85 40 5e202c3e67eeb33f8955e09e
190 100 25 5e2083bd67eeb33f8955e0c8
167 63 21 5e1f22d867eeb33f8955e075
190 100 25 5e2083bd67eeb33f8955e0c8
163 59 34 5dfd030820593d3c5d743dbf
170 75 30 5e10c1aa67eeb33f8955df3e
180 85 40 5e202c3e67eeb33f8955e09e
167 63 21 5e1f22d867eeb33f8955e075
163 59 34 5dfd030820593d3c5d743dbf
167 63 21 5e1f22d867eeb33f8955e075
190 100 25 5e2083bd67eeb33f8955e0c8
163 59 34 5dfd030820593d3c5d743dbf
170 75 30 5e10c1aa67eeb33f8955df3e
180 85 40 5e202c3e67eeb33f8955e09e
167 63 21 5e1f22d867eeb33f8955e075
163 59 34 5dfd030820593d3c5d743dbf
190 100 25 5e2083bd67eeb33f8955e0c8
167 63 21 5e1f22d867eeb33f8955e075
190 100 25 5e2083bd67eeb33f8955e0c8
163 59 34 5dfd030820593d3c5d743dbf
170 75 30 5e10c1aa67eeb33f8955df3e
190 100 25 5e2083bd67eeb33f8955e0c8
180 85 40 5e202c3e67eeb33f8955e09e
167 63 21 5e1f22d867eeb33f8955e075
190 100 25 5e2083bd67eeb33f8955e0c8
163 59 34 5dfd030820593d3c5d743dbf
170 75 30 5e10c1aa67eeb33f8955df3e
180 85 40 5e202c3e67eeb33f8955e09e
170 75 30 5e10c1aa67eeb33f8955df3e
190 100 25 5e2083bd67eeb33f8955e0c8
167 63 21 5e1f22d867eeb33f8955e075
163 59 34 5dfd030820593d3c5d743dbf
190 100 25 5e2083bd67eeb33f8955e0c8
180 85 40 5e202c3e67eeb33f8955e09e
170 75 30 5e10c1aa67eeb33f8955df3e
190 100 25 5e2083bd67eeb33f8955e0c8
163 59 34 5dfd030820593d3c5d743dbf
167 63 21 5e1f22d867eeb33f8955e075
180 85 40 5e202c3e67eeb33f8955e09e
190 100 25 5e2083bd67eeb33f8955e0c8
180 85 40 5e202c3e67eeb33f8955e09e
163 59 34 5dfd030820593d3c5d743dbf
170 75 30 5e10c1aa67eeb33f8955df3e
190 100 25 5e2083bd67eeb33f8955e0c8
170 75 30 5e10c1aa67eeb33f8955df3e
190 100 25 5e2083bd67eeb33f8955e0c8
167 63 21 5e1f22d867eeb33f8955e075
180 85 40 5e202c3e67eeb33f8955e09e
163 59 34 5dfd030820593d3c5d743dbf
190 100 25 5e2083bd67eeb33f8955e0c8
170 75 30 5e10c1aa67eeb33f8955df3e
163 59 34 5dfd030820593d3c5d743dbf
167 63 21 5e1f22d867eeb33f8955e075
180 85 40 5e202c3e67eeb33f8955e09e
190 100 25 5e2083bd67eeb33f8955e0c8
170 75 30 5e10c1aa67eeb33f8955df3e
180 85 40 5e202c3e67eeb33f8955e09e
190 100 25 5e2083bd67eeb33f8955e0c8
163 59 34 5dfd030820593d3c5d743dbf
167 63 21 5e1f22d867eeb33f8955e075
180 85 40 5e202c3e67eeb33f8955e09e
190 100 25 5e2083bd67eeb33f8955e0c8
170 75 30 5e10c1aa67eeb33f8955df3e
163 59 34 5dfd030820593d3c5d743dbf
163 59 34 5dfd030820593d3c5d743dbf
190 100 25 5e2083bd67eeb33f8955e0c8
167 63 21 5e1f22d867eeb33f8955e075
180 85 40 5e202c3e67eeb33f8955e09e
170 75 30 5e10c1aa67eeb33f8955df3e
167 63 21 5e1f22d867eeb33f8955e075
163 59 34 5dfd030820593d3c5d743dbf
190 100 25 5e2083bd67eeb33f8955e0c8
170 75 30 5e10c1aa67eeb33f8955df3e
180 85 40 5e202c3e67eeb33f8955e09e
190 100 25 5e2083bd67eeb33f8955e0c8
163 59 34 5dfd030820593d3c5d743dbf
167 63 21 5e1f22d867eeb33f8955e075
180 85 40 5e202c3e67eeb33f8955e09e
180 85 40 5e202c3e67eeb33f8955e09e
163 59 34 5dfd030820593d3c5d743dbf
170 75 30 5e10c1aa67eeb33f8955df3e
167 63 21 5e1f22d867eeb33f8955e075
180 85 40 5e202c3e67eeb33f8955e09e
163 59 34 5dfd030820593d3c5d743dbf
167 63 21 5e1f22d867eeb33f8955e075
190 100 25 5e2083bd67eeb33f8955e0c8
163 59 34 5dfd030820593d3c5d743dbf
167 63 21 5e1f22d867eeb33f8955e075
170 75 30 5e10c1aa67eeb33f8955df3e
163 59 34 5dfd030820593d3c5d743dbf
180 85 40 5e202c3e67eeb33f8955e09e
167 63 21 5e1f22d867eeb33f8955e075
170 75 30 5e10c1aa67eeb33f8955df3e
163 59 34 5dfd030820593d3c5d743dbf
190 100 25 5e2083bd67eeb33f8955e0c8
180 85 40 5e202c3e67eeb33f8955e09e
167 63 21 5e1f22d867eeb33f8955e075
170 75 30 5e10c1aa67eeb33f8955df3e
163 59 34 5dfd030820593d3c5d743dbf
167 63 21 5e1f22d867eeb33f8955e075
170 75 30 5e10c1aa67eeb33f8955df3e
180 85 40 5e202c3e67eeb33f8955e09e
163 59 34 5dfd030820593d3c5d743dbf
190 100 25 5e2083bd67eeb33f8955e0c8
170 75 30 5e10c1aa67eeb33f8955df3e
167 63 21 5e1f22d867eeb33f8955e075
190 100 25 5e2083bd67eeb33f8955e0c8
163 59 34 5dfd030820593d3c5d743dbf
190 100 25 5e2083bd67eeb33f8955e0c8
170 75 30 5e10c1aa67eeb33f8955df3e
167 63 21 5e1f22d867eeb33f8955e075
163 59 34 5dfd030820593d3c5d743dbf
170 75 30 5e10c1aa67eeb33f8955df3e
170 75 30 5e10c1aa67eeb33f8955df3e
170 75 30 5e10c1aa67eeb33f8955df3e
170 75 30 5e10c1aa67eeb33f8955df3e
167 63 21 5e1f22d867eeb33f8955e075
163 59 34 5dfd030820593d3c5d743dbf
167 63 21 5e1f22d867eeb33f8955e075
163 59 34 5dfd030820593d3c5d743dbf
167 63 21 5e1f22d867eeb33f8955e075